GemsFDTD_109B	4700383	100000001	0.593504	2031
GemsFDTD_712B	5055560	100000003	0.583782	2043
GemsFDTD_716B	11607630	100000000	0.223593	0
astar_163B	445099	100000001	0.486985	31
astar_23B	4809700	100000000	0.196399	0
astar_313B	8323136	100000001	0.128238	43
bzip2_183B	1405360	100000003	0.609618	0
bzip2_259B	1319278	100000002	0.762738	0
bzip2_281B	2009332	100000000	0.60341	0
cactusADM_1039B	1133237	100000003	0.467887	473
cactusADM_1495B	1072180	100000003	0.482022	1097
cactusADM_734B	1129782	100000000	0.458225	24
calculix_2655B	792102	100000000	1.61965	0
calculix_2670B	2151	100000001	2.07905	1094
calculix_3812B	1006839	100000000	1.45268	0
gcc_13B	2487235	100000001	0.259685	2
gcc_39B	40966	100000001	0.724845	884
gcc_56B	14057944	100000003	0.35063	1214
lbm_1004B	5596077	100000001	0.606818	47
lbm_564B	5865450	100000003	0.586024	85
lbm_94B	5305094	100000000	0.627937	29
leslie3d_1116B	3488264	100000002	0.691927	247
leslie3d_1186B	3531683	100000000	0.657521	1391
leslie3d_94B	4420548	100000000	0.60113	1983
libquantum_1210B	3976339	100000001	0.480548	1557
libquantum_1735B	3777013	100000000	0.51585	2040
libquantum_964B	4858583	100000001	0.551102	2015
mcf_158B	19688534	100000002	0.0709019	1
mcf_250B	25812316	100000000	0.0616672	55
mcf_46B	17522791	100000001	0.0925496	6
milc_360B	3457039	100000003	0.556661	2021
milc_409B	3278260	100000003	0.578796	1602
milc_744B	2849723	100000003	0.678157	2023
omnetpp_17B	3157391	100000003	0.41842	2
omnetpp_340B	4157827	100000000	0.231456	54
omnetpp_4B	4445333	100000001	0.330255	0
perlbench_105B	119284	100000000	0.401429	1002
perlbench_135B	522335	100000003	0.360946	0
perlbench_53B	530533	100000000	0.357434	1
soplex_205B	8134512	100000003	0.290306	0
soplex_217B	8127432	100000000	0.298659	0
soplex_66B	6096639	100000001	0.335844	41
sphinx3_1339B	1498315	100000002	0.871642	0
sphinx3_2520B	1315167	100000003	1.03247	5
sphinx3_883B	1741714	100000000	0.737769	42
wrf_1212B	124112	100000002	0.564171	947
wrf_1228B	1429848	100000000	0.754519	117
wrf_1650B	1050715	100000000	0.68021	1412
zeusmp_100B	797770	100000003	1.39698	2018
zeusmp_300B	572077	100000002	1.32619	877
zeusmp_600B	374757	100000001	1.29143	1649
