GemsFDTD_109B	4654193	100000001	0.597225	981
GemsFDTD_712B	5049866	100000003	0.586185	7
GemsFDTD_716B	11763549	100000000	0.222227	0
astar_163B	451518	100000001	0.486791	59
astar_23B	4826933	100000000	0.196607	0
astar_313B	8410690	100000001	0.127678	0
bzip2_183B	1479477	100000003	0.60378	0
bzip2_259B	1320525	100000002	0.764911	1
bzip2_281B	2253008	100000000	0.585371	0
cactusADM_1039B	1133810	100000003	0.468679	15
cactusADM_1495B	1075401	100000003	0.482924	7
cactusADM_734B	1129110	100000000	0.458923	15
calculix_2655B	800401	100000000	1.62703	164
calculix_2670B	2145	100000001	2.07905	1023
calculix_3812B	985198	100000000	1.47076	0
gcc_13B	2510133	100000001	0.259253	3
gcc_39B	41151	100000001	0.72481	867
gcc_56B	19687964	100000003	0.272528	0
lbm_1004B	5600073	100000001	0.606379	0
lbm_564B	5866745	100000003	0.585418	54
lbm_94B	5311614	100000000	0.627766	19
leslie3d_1116B	3485919	100000002	0.692935	3
leslie3d_1186B	3530607	100000000	0.658848	35
leslie3d_94B	4321690	100000000	0.605292	2047
libquantum_1210B	3977364	100000001	0.480648	1587
libquantum_1735B	3770123	100000000	0.516131	2045
libquantum_964B	4881144	100000003	0.548873	2047
mcf_158B	20263320	100000002	0.0699313	0
mcf_250B	26179500	100000000	0.0610734	0
mcf_46B	18086655	100000001	0.0914217	0
milc_360B	3459804	100000003	0.556798	2008
milc_409B	3282671	100000003	0.578925	1716
milc_744B	2850019	100000003	0.67817	1858
omnetpp_17B	3215608	100000003	0.418099	0
omnetpp_340B	4151146	100000000	0.231601	0
omnetpp_4B	4507368	100000001	0.329908	0
perlbench_105B	123802	100000000	0.401356	349
perlbench_135B	544401	100000003	0.358998	0
perlbench_53B	565707	100000000	0.355433	0
soplex_205B	8159261	100000003	0.29037	0
soplex_217B	8300438	100000000	0.295893	0
soplex_66B	6232907	100000003	0.33443	27
sphinx3_1339B	1462427	100000002	0.880056	2
sphinx3_2520B	1386377	100000003	1.02919	1
sphinx3_883B	1748191	100000000	0.738661	0
wrf_1212B	123825	100000002	0.564225	1024
wrf_1228B	1442133	100000000	0.754138	179
wrf_1650B	1051955	100000000	0.680316	1955
zeusmp_100B	796791	100000003	1.39925	1638
zeusmp_300B	600416	100000002	1.32847	1
zeusmp_600B	375910	100000001	1.29115	1570
