GemsFDTD_109B	4723287	100000001	0.592906	2045
GemsFDTD_712B	5059813	100000003	0.584021	2047
GemsFDTD_716B	11435607	100000000	0.225263	1206
astar_163B	449119	100000001	0.486862	2047
astar_23B	4769859	100000000	0.196904	1029
astar_313B	8422372	100000001	0.127642	2047
bzip2_183B	1377432	100000003	0.611986	0
bzip2_259B	1317294	100000002	0.76285	1547
bzip2_281B	2000298	100000000	0.603109	178
cactusADM_1039B	1144715	100000003	0.467839	1997
cactusADM_1495B	1087154	100000003	0.481996	2043
cactusADM_734B	1140859	100000000	0.45814	2037
calculix_2655B	777195	100000000	1.62693	1490
calculix_2670B	2151	100000001	2.07905	1112
calculix_3812B	907544	100000000	1.48347	1058
gcc_13B	2508297	100000001	0.259262	2047
gcc_39B	40971	100000001	0.724845	1572
gcc_56B	20213218	100000003	0.268237	2047
lbm_1004B	5599540	100000001	0.60684	2041
lbm_564B	5866274	100000003	0.586124	2047
lbm_94B	5310306	100000000	0.627988	2047
leslie3d_1116B	3508697	100000002	0.691213	2047
leslie3d_1186B	3619327	100000000	0.653862	2047
leslie3d_94B	4433652	100000000	0.600815	2015
libquantum_1210B	3995637	100000001	0.479935	2031
libquantum_1735B	3779037	100000000	0.515962	2047
libquantum_964B	4881649	100000001	0.550167	2031
mcf_158B	20244645	100000002	0.0698626	2047
mcf_250B	26147171	100000000	0.0611151	2045
mcf_46B	18096657	100000001	0.0911908	2047
milc_360B	3463400	100000003	0.556745	2047
milc_409B	3284892	100000003	0.578814	2047
milc_744B	2853111	100000003	0.678224	2046
omnetpp_17B	3239564	100000003	0.41734	2038
omnetpp_340B	4175209	100000000	0.231277	2047
omnetpp_4B	4599064	100000001	0.328132	2039
perlbench_105B	121895	100000000	0.401519	1240
perlbench_135B	528386	100000003	0.360073	287
perlbench_53B	507875	100000000	0.359023	2
soplex_205B	8290618	100000003	0.288479	1985
soplex_217B	8290022	100000000	0.295738	1941
soplex_66B	6270621	100000003	0.33334	2033
sphinx3_1339B	1514896	100000002	0.869184	259
sphinx3_2520B	1395561	100000003	1.01939	1988
sphinx3_883B	1750266	100000000	0.736518	2047
wrf_1212B	125719	100000002	0.564131	2047
wrf_1228B	1453347	100000000	0.752643	2047
wrf_1650B	1056885	100000000	0.679987	2036
zeusmp_100B	802024	100000003	1.39604	2047
zeusmp_300B	604485	100000002	1.32465	2042
zeusmp_600B	376583	100000001	1.29129	2031
