GemsFDTD_109B	4709520	100000001	0.593134	2047
GemsFDTD_712B	5048845	100000003	0.583945	2045
GemsFDTD_716B	11087200	100000000	0.226077	209
astar_163B	447709	100000001	0.486967	2045
astar_23B	4747074	100000000	0.197121	2015
astar_313B	8232212	100000001	0.128613	2041
bzip2_183B	1380862	100000003	0.610514	765
bzip2_259B	1247641	100000002	0.767848	851
bzip2_281B	1968995	100000000	0.605939	1679
cactusADM_1039B	1129383	100000003	0.467931	123
cactusADM_1495B	1069814	100000003	0.482138	0
cactusADM_734B	1126087	100000000	0.458245	168
calculix_2655B	770684	100000000	1.63144	2039
calculix_2670B	2155	100000001	2.07905	1028
calculix_3812B	952525	100000000	1.46302	2047
gcc_13B	2489465	100000001	0.259365	1506
gcc_39B	40829	100000001	0.72484	1010
gcc_56B	13365378	100000003	0.361674	1073
lbm_1004B	5586140	100000001	0.606205	2045
lbm_564B	5850075	100000003	0.585793	2046
lbm_94B	5298750	100000000	0.627921	2046
leslie3d_1116B	3487417	100000002	0.691635	1863
leslie3d_1186B	3584408	100000000	0.655082	2046
leslie3d_94B	4404031	100000000	0.601602	2047
libquantum_1210B	3987442	100000001	0.479806	1675
libquantum_1735B	3768230	100000000	0.515611	2046
libquantum_964B	4849192	100000001	0.54936	2047
mcf_158B	19737473	100000002	0.0710071	1990
mcf_250B	25360037	100000000	0.0621827	2031
mcf_46B	17783758	100000001	0.0920543	13
milc_360B	3453471	100000003	0.557028	2047
milc_409B	3273835	100000003	0.578809	1906
milc_744B	2844768	100000003	0.678407	2045
omnetpp_17B	3250094	100000003	0.417117	2
omnetpp_340B	4128464	100000000	0.231905	2032
omnetpp_4B	4520444	100000001	0.329458	0
perlbench_105B	116227	100000000	0.401885	1015
perlbench_135B	479624	100000003	0.363552	1100
perlbench_53B	515424	100000000	0.35868	933
soplex_205B	8157291	100000003	0.289774	1037
soplex_217B	8005071	100000000	0.299473	0
soplex_66B	6101297	100000003	0.336285	363
sphinx3_1339B	1462073	100000002	0.8787	0
sphinx3_2520B	1326302	100000003	1.0364	0
sphinx3_883B	1713175	100000000	0.742741	1
wrf_1212B	124963	100000002	0.564094	1280
wrf_1228B	1423792	100000000	0.754749	1359
wrf_1650B	1053936	100000000	0.680085	1912
zeusmp_100B	796769	100000003	1.39761	2046
zeusmp_300B	552268	100000002	1.32657	2020
zeusmp_600B	374807	100000001	1.29154	1774
