GemsFDTD_109B	3231486	100000001	0.599946
GemsFDTD_712B	3445466	100000003	0.603059
GemsFDTD_716B	2205236	100000000	0.464462
astar_163B	153592	100000001	0.500206
astar_23B	273681	100000000	0.340539
astar_313B	5055293	100000001	0.135285
bzip2_183B	146883	100000003	0.765877
bzip2_259B	315376	100000002	0.911461
bzip2_281B	246863	100000000	0.88814
cactusADM_1039B	896013	100000003	0.468356
cactusADM_1495B	857131	100000003	0.482491
cactusADM_734B	894772	100000000	0.45848
calculix_2655B	115285	100000000	2.11637
calculix_2670B	2130	100000001	2.07905
calculix_3812B	83241	100000000	1.84659
gcc_13B	1979214	100000001	0.25959
gcc_39B	33727	100000001	0.725263
gcc_56B	72431	100000003	0.742212
lbm_1004B	3225315	100000001	0.587261
lbm_564B	3374070	100000003	0.5678
lbm_94B	3053803	100000000	0.608469
leslie3d_1116B	2574478	100000001	0.706312
leslie3d_1186B	2110422	100000000	0.713592
leslie3d_94B	2624848	100000000	0.647197
libquantum_1210B	3006826	100000001	0.473027
libquantum_1735B	2789446	100000000	0.506866
libquantum_964B	3390435	100000003	0.533465
mcf_158B	10718751	100000002	0.100615
mcf_250B	11866516	100000000	0.107139
mcf_46B	10164508	100000001	0.116483
milc_360B	2738609	100000003	0.554715
milc_409B	2442810	100000003	0.577433
milc_744B	2171624	100000003	0.670663
omnetpp_17B	3242479	100000003	0.417176
omnetpp_340B	2516351	100000000	0.250878
omnetpp_4B	4368318	100000001	0.331504
perlbench_105B	23482	100000000	0.410592
perlbench_135B	46738	100000003	0.397362
perlbench_53B	42194	100000000	0.395868
soplex_205B	4315983	100000003	0.351338
soplex_217B	4277877	100000000	0.359733
soplex_66B	3476117	100000003	0.38984
sphinx3_1339B	1245930	100000002	0.903523
sphinx3_2520B	918926	100000003	1.10976
sphinx3_883B	1482886	100000000	0.770382
wrf_1212B	79359	100000002	0.565194
wrf_1228B	1020545	100000000	0.750038
wrf_1650B	798114	100000000	0.680474
zeusmp_100B	499557	100000003	1.45985
zeusmp_300B	264613	100000002	1.37647
zeusmp_600B	316085	100000001	1.29106
