GemsFDTD_109B	4676101	100000001	0.594141	2047
GemsFDTD_712B	5058416	100000003	0.583991	2041
GemsFDTD_716B	11635100	100000000	0.223254	4
astar_163B	423417	100000001	0.487782	248
astar_23B	4860670	100000000	0.195805	0
astar_313B	8316412	100000001	0.128291	14
bzip2_183B	1466378	100000003	0.604179	0
bzip2_259B	1296943	100000002	0.764971	0
bzip2_281B	2020498	100000000	0.601986	0
cactusADM_1039B	1132655	100000003	0.467908	8
cactusADM_1495B	1074436	100000003	0.48207	0
cactusADM_734B	1128284	100000000	0.458219	8
calculix_2655B	798382	100000000	1.61557	290
calculix_2670B	2155	100000001	2.07905	1028
calculix_3812B	1003606	100000000	1.45074	0
gcc_13B	2496241	100000001	0.259442	6
gcc_39B	40946	100000001	0.724819	991
gcc_56B	19245904	100000003	0.28188	0
lbm_1004B	5600311	100000001	0.606482	2
lbm_564B	5867305	100000003	0.585678	38
lbm_94B	5312207	100000000	0.627568	9
leslie3d_1116B	3483975	100000001	0.691786	103
leslie3d_1186B	3605485	100000000	0.654291	61
leslie3d_94B	4335866	100000000	0.603563	2047
libquantum_1210B	3976749	100000001	0.480596	1849
libquantum_1735B	3776243	100000000	0.515598	2046
libquantum_964B	4862508	100000003	0.549266	2046
mcf_158B	19808008	100000002	0.070806	0
mcf_250B	25378864	100000000	0.0621696	0
mcf_46B	17548603	100000001	0.0925484	5
milc_360B	3457234	100000003	0.557082	2046
milc_409B	3278333	100000003	0.578959	1692
milc_744B	2850610	100000003	0.678347	2045
omnetpp_17B	3253810	100000003	0.416979	2
omnetpp_340B	4151401	100000000	0.231523	3
omnetpp_4B	4521942	100000001	0.329452	0
perlbench_105B	124664	100000000	0.401194	637
perlbench_135B	553515	100000003	0.358466	0
perlbench_53B	527177	100000000	0.357824	1
soplex_205B	8216515	100000003	0.289128	0
soplex_217B	8131334	100000000	0.298414	0
soplex_66B	6228571	100000003	0.33403	114
sphinx3_1339B	1440758	100000002	0.875753	2
sphinx3_2520B	1359412	100000003	1.02365	0
sphinx3_883B	1714782	100000000	0.742247	1
wrf_1212B	124965	100000002	0.564138	1084
wrf_1228B	1447492	100000000	0.752349	170
wrf_1650B	1052067	100000000	0.680189	1870
zeusmp_100B	796748	100000003	1.39866	2044
zeusmp_300B	572910	100000002	1.32698	3
zeusmp_600B	376065	100000001	1.29122	1547
