GemsFDTD_109B	4680059	100000000	0.593226	2045
GemsFDTD_712B	5039567	100000003	0.584007	2041
GemsFDTD_716B	11381184	100000000	0.22552	9
astar_163B	440540	100000001	0.487196	6
astar_23B	4758705	100000000	0.197158	0
astar_313B	8197476	100000001	0.128796	0
bzip2_183B	1370455	100000003	0.611768	0
bzip2_259B	1250930	100000002	0.768143	2
bzip2_281B	1989360	100000000	0.603866	0
cactusADM_1039B	1123796	100000003	0.467972	2
cactusADM_1495B	1067581	100000003	0.482079	1
cactusADM_734B	1120307	100000000	0.458222	5
calculix_2655B	789453	100000000	1.61818	152
calculix_2670B	2154	100000001	2.07905	1021
calculix_3812B	979369	100000000	1.45392	3
gcc_13B	2479255	100000001	0.259722	303
gcc_39B	40357	100000001	0.724851	1031
gcc_56B	18910392	100000003	0.284413	0
lbm_1004B	5554021	100000001	0.606625	12
lbm_564B	5824301	100000003	0.585793	5
lbm_94B	5272587	100000000	0.627663	41
leslie3d_1116B	3465531	100000002	0.692061	136
leslie3d_1186B	3519948	100000000	0.657023	17
leslie3d_94B	4308487	100000000	0.604304	2045
libquantum_1210B	3965275	100000001	0.480245	1141
libquantum_1735B	3751559	100000000	0.515902	2046
libquantum_964B	4852742	100000001	0.548223	2046
mcf_158B	19580202	100000002	0.0712218	1
mcf_250B	25134257	100000000	0.0626737	0
mcf_46B	17874996	100000001	0.0917164	13
milc_360B	3449632	100000003	0.556935	2042
milc_409B	3271453	100000003	0.578811	1350
milc_744B	2844763	100000003	0.678173	2001
omnetpp_17B	3145713	100000003	0.418974	1
omnetpp_340B	4122540	100000000	0.231835	40
omnetpp_4B	4412869	100000001	0.330214	1
perlbench_105B	119746	100000000	0.401591	542
perlbench_135B	498707	100000003	0.361953	0
perlbench_53B	498066	100000000	0.359749	2
soplex_205B	8104635	100000003	0.29034	0
soplex_217B	8016715	100000000	0.299802	0
soplex_66B	6158975	100000003	0.334903	161
sphinx3_1339B	1455080	100000002	0.876926	0
sphinx3_2520B	1315976	100000003	1.0363	0
sphinx3_883B	1706215	100000000	0.742697	0
wrf_1212B	123197	100000002	0.564173	1162
wrf_1228B	1426179	100000000	0.753435	316
wrf_1650B	1047290	100000000	0.680232	1665
zeusmp_100B	795681	100000003	1.39645	2046
zeusmp_300B	575450	100000002	1.32615	0
zeusmp_600B	375319	100000001	1.29129	1957
