GemsFDTD_109B	4240405	100000000	0.608998
GemsFDTD_712B	4885570	100000003	0.605996
GemsFDTD_716B	2309834	100000000	0.446024
astar_163B	205880	100000001	0.499571
astar_23B	304337	100000000	0.339605
astar_313B	6160337	100000001	0.137706
bzip2_183B	145654	100000003	0.770129
bzip2_259B	311101	100000002	0.915536
bzip2_281B	253462	100000000	0.897025
cactusADM_1039B	832712	100000003	0.469863
cactusADM_1495B	774066	100000003	0.48448
cactusADM_734B	835435	100000000	0.459738
calculix_2655B	296576	100000000	1.96954
calculix_2670B	2130	100000001	2.07905
calculix_3812B	119017	100000000	1.81126
gcc_13B	2186702	100000001	0.263637
gcc_39B	35444	100000001	0.725208
gcc_56B	73592	100000003	0.742163
lbm_1004B	4365693	100000001	0.644475
lbm_564B	4553871	100000003	0.616574
lbm_94B	4068977	100000000	0.666024
leslie3d_1116B	2859199	100000001	0.725108
leslie3d_1186B	2552941	100000000	0.708181
leslie3d_94B	3497484	100000000	0.638917
libquantum_1210B	3814385	100000001	0.483547
libquantum_1735B	3672862	100000000	0.520073
libquantum_964B	4639332	100000003	0.556147
mcf_158B	11339277	100000002	0.109471
mcf_250B	13588287	100000000	0.123508
mcf_46B	10508512	100000001	0.121114
milc_360B	3419710	100000003	0.557498
milc_409B	3215706	100000003	0.580286
milc_744B	2797793	100000003	0.678674
omnetpp_17B	1741790	100000003	0.462523
omnetpp_340B	2928088	100000000	0.254535
omnetpp_4B	2238801	100000001	0.375
perlbench_105B	23943	100000000	0.410569
perlbench_135B	58252	100000003	0.399014
perlbench_53B	43679	100000000	0.397483
soplex_205B	4150003	100000003	0.364942
soplex_217B	3878493	100000000	0.380156
soplex_66B	3301198	100000003	0.404137
sphinx3_1339B	728465	100000000	1.0509
sphinx3_2520B	593451	100000003	1.22611
sphinx3_883B	1076365	100000000	0.87655
wrf_1212B	98825	100000002	0.56516
wrf_1228B	1036147	100000000	0.781237
wrf_1650B	946973	100000000	0.682236
zeusmp_100B	750124	100000003	1.42593
zeusmp_300B	338761	100000002	1.3594
zeusmp_600B	364224	100000001	1.29397
